(((":extend" .
   [1 0 0 0 0 0 0])
  ("?u" .
   [1 0])
  ("?b" .
   [1 0])
  ("tb" .
   [1 0])
  ("tf" .
   [1 0])
  ("?i" .
   [2 0])
  ("dm" .
   [1 0])
  ("?m" .
   [1 0])
  ("dg" .
   [1 0])
  ("d" .
   [1])
  ("?g" .
   [1 0])
  ("?d" .
   [2 0])
  ("rd" .
   [1 0])
  ("?a" .
   [3 0])
  ("skk-aot" .
   [0 0 0 0 0 0 1])
  ("skk-use-aot" .
   [0 0 0 0 0 0 0 0 0 0 1])
  ("'init-" .
   [0 0 0 0 0 2])
  ("restart" .
   [0 0 0 1 0 0 0])
  ("平" .
   [1])
  ("何名" .
   [0 1])
  ("案" .
   [1])
  ("ご依頼" .
   [0 0 1])
  ("要望調査" .
   [0 0 0 1])
  ("委員会" .
   [0 0 1])
  ("所有者" .
   [0 0 1])
  ("他" .
   [1])
  ("逓送" .
   [0 1])
  ("防護衣" .
   [0 0 1])
  ("応援" .
   [0 1])
  ("hogehoge" .
   [1 0 0 0 0 0 0 0])
  ("xdoc2txt" .
   [2 0 0 0 0 0 0 1])
  ("課" .
   [1])
  ("阿蘇品" .
   [0 0 2])
  ("ご担当者" .
   [0 0 0 1])
  ("しゅん工" .
   [0 0 0 1])
  ("御査収" .
   [0 1 4])
  ("ご対応方" .
   [0 0 0 2])
  ("農林水産部長" .
   [0 0 0 1 1 0])
  ("第" .
   [1])
  ("鹿井" .
   [0 1])
  ("市町" .
   [0 1])
  ("佐々木" .
   [0 0 1])
  ("dired-async" .
   [1 0 0 0 0 0 0 0 0 0 0])
  ("load" .
   [1 0 0 0])
  ("level" .
   [1 0 0 0 0])
  ("directory" .
   [1 0 0 0 0 0 0 0 0])
  ("string-to-number" .
   [0 0 0 0 0 0 0 0 0 1 0 0 0 0 0 0])
  ("string" .
   [0 0 0 0 0 1])
  ("〒" .
   [2])
  ("お手数" .
   [0 0 4])
  ("リンク先" .
   [0 0 0 3])
  ("森林経営計画" .
   [0 0 0 0 1 1])
  ("御決裁" .
   [0 1 5])
  ("org-f" .
   [1 0 0 0 0])
  ("担当者" .
   [0 2 5])
  ("森山" .
   [0 1])
  ("New" .
   [1 0 0])
  ("xml" .
   [1 0 0])
  ("car" .
   [1 0 0])
  ("account" .
   [0 0 0 0 0 0 1])
  ("inside" .
   [1 0 0 0 0 0])
  ("folder" .
   [1 0 0 0 0 0])
  ("skk-delete-selection-wrapper" .
   [1 0 0 0 0 0 0 0 0 0 0 0 0 0 0 0 0 0 0 0 0 0 0 0 0 0 0 0])
  ("気" .
   [2])
  ("前畑" .
   [0 1])
  ("水俣市" .
   [0 2 3])
  ("曽我部" .
   [0 0 2])
  ("芦北町" .
   [0 2 7])
  ("森林組合" .
   [0 0 0 1])
  ("うかが" .
   [32 0 0])
  ("同" .
   [1])
  ("代表理事組合長" .
   [0 0 0 0 0 0 2])
  ("本年" .
   [0 1])
  ("べてん" .
   [3 0 0])
  ("件" .
   [1])
  ("のけん" .
   [1 0 0])
  ("標記" .
   [0 1])
  ("標記の件について" .
   [0 1 1 21 10 0 0 2])
  ("いけまつ" .
   [3 0 1 0])
  ("参加" .
   [0 1])
  ("skk-mode-exit" .
   [0 0 0 0 0 0 0 0 0 0 0 1 0])
  ("skk-mode" .
   [1 0 0 0 0 0 0 0])
  ("google-default" .
   [1 0 0 0 0 0 0 0 0 0 0 0 0 0])
  ("./fiber.exe" .
   [0 0 0 0 0 0 0 0 0 0 1])
  ("fiber.exe" .
   [0 0 0 0 0 0 0 1 0])
  ("lexical-let" .
   [1 0 0 0 0 0 0 0 1 0 0])
  ("utf-8" .
   [2 0 0 0 0])
  ("set-buffer-file-coding-system" .
   [0 0 0 0 0 0 0 0 0 0 0 0 0 1 0 0 0 0 0 0 0 0 0 0 0 0 0 0 0])
  ("f" .
   [3])
  ("expand-file-name" .
   [0 0 0 0 0 1 0 0 0 0 0 0 0 0 0 0])
  ("org-notify" .
   [0 0 0 0 0 0 0 0 1 0])
  ("sdate" .
   [1 0 0 0 0])
  ("h-obj" .
   [7 0 3 0 0])
  ("org-element-headline-parser" .
   [0 0 0 0 0 0 0 0 0 0 0 0 0 0 0 0 0 0 0 0 0 0 1 0 0 0 0])
  ("for" .
   [1 0 0])
  ("save-excursion" .
   [0 0 0 0 0 0 0 1 0 1 0 0 0 0])
  ("nnmh" .
   [1 0 0 0])
  ("1.1" .
   [2 0 0])
  ("fn" .
   [2 0])
  ("s" .
   [4])
  ("curl" .
   [1 0 0 0])
  ("mstartpt" .
   [1 0 0 0 0 0 0 0])
  ("invisible-p" .
   [2 0 0 0 0 0 0 0 0 0 0])
  ("not" .
   [2 0 0])
  ("windowp" .
   [0 0 0 0 0 0 1])
  ("window-system" .
   [0 0 0 0 0 0 0 0 1 0 0 0 0])
  ("pophint" .
   [1 0 0 0 0 0 1])
  ("gntp" .
   [1 0 0 0])
  ("arg" .
   [1 0 0])
  ("init-bf-mode" .
   [0 0 0 0 0 0 1 0 0 0 0 0])
  ("bf-mode" .
   [0 0 2 0 0 0 0])
  ("eval-after-load-fn" .
   [1 0 0 0 0 0 2 1 0 0 0 0 0 1 0 0 0 0])
  ("init-ess" .
   [1 0 0 0 0 0 0 0])
  ("elscreen-start" .
   [0 0 0 0 0 0 0 0 0 0 0 0 1 0])
  ("tamana_list" .
   [0 0 0 0 2 0 1 0 0 0 0])
  ("お疲れ様です。" .
   [1 0 30 2 2 0 5])
  ("en" .
   [2 0])
  ("skk-search-prog-list" .
   [0 0 0 0 0 0 0 0 0 0 0 0 1 0 0 0 0 0 0 0])
  ("skk" .
   [1 0 0])
  ("光永" .
   [1 0])
  ("光永　英二" .
   [0 0 2 0 0])
  ("skk-comp-wrapper" .
   [0 0 0 0 0 0 0 0 0 0 0 1 0 0 0 0])
  ("url" .
   [5 0 0])
  ("e2wm:pst-minor-mode" .
   [0 0 0 0 0 0 0 0 0 0 0 1 0 0 0 0 0 0 0])
  ("if" .
   [4 0])
  ("toggle-debug-on-error" .
   [0 0 0 0 0 0 0 0 0 0 0 1 0 0 0 0 0 0 0 0 0])
  ("***" .
   [2 0 0])
  ("決裁中" .
   [2 0 0])
  ("TASK" .
   [0 0 0 4])
  ("hoge" .
   [7 0 0 0])
  ("お世話になっております。" .
   [1 0 0 0 0 0 0 0 0 0 \.\.\.])
  ("task" .
   [18 0 0 1])
  ("org-caldav" .
   [0 0 0 0 0 0 0 1 0 0])
  ("require" .
   [2 0 0 0 4 5 6])
  ("defvar" .
   [2 0 1 1 0 0])
  ("features" .
   [0 0 1 2 0 0 0 0])
  ("nil" .
   [22 0 0])
  ("setq" .
   [4 0 3 7])
  (".bbdb" .
   [1 0 0 0 0])
  ("progn" .
   [2 0 0 0 0])
  ("tags" .
   [0 0 1 0])
  ("t" .
   [2])
  ("TAGS" .
   [1 0 1 0])
  ("//" .
   [1 0])
  ("TASKS" .
   [0 0 0 0 1])
  ("skk-kakutei-jisyo" .
   [0 0 0 0 0 0 0 0 1 0 0 0 0 0 0 0 0])
  ("-1" .
   [1 0])
  ("position" .
   [0 0 0 0 0 0 0 1])
  (":param" .
   [1 0 0 0 0 0])
  ("param" .
   [1 0 0 0 0])
  ("concat" .
   [2 0 0 0 0 1])
  ("ess-command" .
   [0 0 0 0 0 0 0 1 1 0 0])
  ("get-buffer-create" .
   [0 0 0 0 0 0 1 0 0 0 0 0 0 0 0 0 0])
  ("buf" .
   [1 0 0])
  ("defun*" .
   [0 0 0 0 0 1])
  ("ln" .
   [2 0])
  ("header-" .
   [0 0 0 0 0 0 1])
  ("lst" .
   [9 0 0])
  ("ess-R-dv-map" .
   [0 0 0 0 0 0 0 0 0 0 1 0])
  ("popup" .
   [0 0 0 1 0])
  ("provide" .
   [0 0 0 0 0 0 1])
  ("migemo" .
   [1 0 0 0 0 0])
  ("**" .
   [1 0])
  ("検査情報の入力" .
   [1 0 0 0 0 0 0])
  ("d:/共有/" .
   [0 0 0 1 0 0])
  ("assoc" .
   [1 0 0 0 1])
  ("cadr" .
   [2 0 0 0])
  ("hoc-orgcard-url" .
   [1 0 0 0 0 0 0 0 0 0 0 0 0 0 0])
  ("file" .
   [1 0 0 0])
  ("/H25前田/" .
   [0 1 0 0 0 0 0])
  ("/H25前田/造林/" .
   [0 0 0 0 0 0 0 1 0 0])
  ("/H25前田/造林/配布/" .
   [0 0 0 0 0 0 0 0 0 0 1 0 0])
  ("public" .
   [0 0 0 1 0 0])
  ("森林経営計画進捗状況報告の提出" .
   [0 0 1 0 0 0 0 0 0 0 0 0 0 0 0])
  ("Email" .
   [0 0 0 0 1])
  ("when" .
   [8 0 0 3])
  ("linux-p" .
   [0 0 0 0 2 0 0])
  ("elscreen" .
   [0 0 0 0 1 0 0 0])
  ("init-monky" .
   [1 0 0 0 0 0 0 0 0 0])
  ("calfw" .
   [1 0 0 0 0])
  ("featurep" .
   [0 0 1 1 0 0 0 0])
  ("autoload" .
   [1 0 0 0 0 0 0 0])
  ("win-p" .
   [0 0 0 2 0])
  ("-1000" .
   [1 0 0 0 0])
  ("or" .
   [2 0])
  ("message" .
   [0 0 0 0 1 0 5])
  ("while" .
   [2 0 0 0 0])
  ("dolist" .
   [0 0 0 1 0 0])
  ("ov" .
   [3 0])
  ("n" .
   [1])
  ("length" .
   [1 0 0 0 0 0])
  ("sum-list" .
   [1 0 0 0 0 0 0 0])
  ("window-start" .
   [0 0 0 0 0 0 0 0 0 0 1 0])
  ("goto-char" .
   [0 0 0 0 1 0 0 0 0])
  ("point" .
   [2 0 0 0 1])
  ("re-search-forward" .
   [0 0 0 0 1 0 0 0 0 0 0 0 0 0 0 0 0])
  ("buffer-substring" .
   [0 0 0 0 0 0 0 0 0 0 1 0 0 0 0 1])
  ("1-" .
   [2 0])
  ("point-max" .
   [0 0 0 1 0 0 0 0 0])
  ("delete-region" .
   [0 0 0 0 0 0 0 0 0 0 0 1 0])
  ("json-read" .
   [3 0 0 0 0 0 0 0 0])
  ("buffer-string" .
   [3 0 0 0 0 0 0 0 1 0 0 0 0])
  ("json-read-string" .
   [1 0 0 0 0 0 0 0 0 0 0 0 0 0 0 0])
  ("dummy-buff" .
   [1 0 0 0 2 1 0 0 0 0])
  ("solarized-height-plus-2" .
   [2 0 0 0 0 0 0 0 0 0 0 0 0 0 0 0 0 0 0 0 0 0 0])
  ("smry" .
   [1 0 0 0])
  ("title" .
   [1 0 0 0 0])
  ("let" .
   [3 0 0])
  ("do" .
   [1 0])
  ("t-obj" .
   [11 0 1 0 0])
  ("date" .
   [1 0 0 0])
  ("time" .
   [1 0 0 0])
  ("stime" .
   [3 0 0 0 0])
  ("edate" .
   [1 0 0 0 0])
  ("etime" .
   [1 0 0 0 0])
  ("plist-get" .
   [0 0 0 0 1 0 0 0 0])
  (":errors" .
   [0 0 0 1 0 0 0])
  (":message" .
   [0 0 0 0 0 1 0 0])
  ("insert" .
   [1 0 0 0 0 0])
  ("pp" .
   [1 0])
  ("type-of" .
   [1 0 0 0 0 0 0])
  ("current-buffer" .
   [1 0 0 0 0 0 0 0 0 0 1 0 0 0])
  ("init-twittering" .
   [0 0 0 0 0 0 2 0 0 0 0 0 0 0 0])
  ("icon" .
   [1 0 0 0])
  ("name" .
   [1 0 0 0])
  ("org-notify-" .
   [0 0 0 0 0 0 0 0 0 0 1])
  ("alert" .
   [1 0 0 0 0])
  ("よろしくお願いします。" .
   [0 6 92 3 2 0 0 0 0 0 4])
  ("▽連絡先" .
   [0 0 0 1])
  ("山崎" .
   [0 1])
  ("様" .
   [3])
  ("水俣芦北森林組合" .
   [0 4 16 1 3 2 0 0])
  ("林務" .
   [0 1])
  ("森林整備課長" .
   [0 1 4 0 2 0])
  ("落合" .
   [0 2])
  ("時間" .
   [0 2])
  ("前田" .
   [0 5])
  ("org-agenda-todo" .
   [0 0 0 0 0 0 0 0 0 0 0 0 1 0 0])
  ("org-agenda" .
   [0 0 0 0 0 0 0 0 0 1])
  ("申し訳" .
   [0 0 3])
  ("大澤" .
   [0 1])
  ("buffer-substring-no-properties" .
   [0 0 0 0 0 0 0 0 0 0 0 0 0 0 0 0 0 1 0 0 0 0 0 0 0 0 0 0 0 0])
  ("sit-for" .
   [3 0 0 1 0 0 0])
  ("m" .
   [1])
  ("hhh" .
   [2 0 0])
  ("%s" .
   [1 0])
  ("process" .
   [1 0 0 0 1 0 0])
  ("start" .
   [1 0 0 0 0])
  ("中村" .
   [0 3])
  ("お疲れ様" .
   [0 1 42 31])
  ("森林整備" .
   [0 0 0 1])
  ("fuga" .
   [1 0 0 0])
  ("truncate" .
   [1 0 0 1 0 0 0 0])
  ("株式会社" .
   [0 0 0 3])
  ("県南広域本部" .
   [0 0 0 0 0 2])
  ("地域振興局" .
   [0 0 1 0 0])
  ("number-to-string" .
   [0 0 0 1 0 0 0 0 0 0 0 0 0 0 0 0])
  ("修正分" .
   [0 0 1])
  ("交付申請" .
   [0 0 0 1])
  ("※" .
   [2])
  ("お伝え" .
   [0 0 1])
  ("事務補助員" .
   [0 0 1 0 0])
  ("お話し" .
   [0 0 1])
  ("差替" .
   [0 1])
  ("午前中" .
   [0 0 2])
  ("風倒木" .
   [0 1 4])
  ("御提出" .
   [0 0 2])
  ("津奈木町" .
   [0 0 3 2])
  ("ご依頼ありました" .
   [0 0 0 0 1 0 0 0])
  ("Tel" .
   [1 0 0])
  ("廣石" .
   [0 1])
  ("xdoc2txt.exe" .
   [1 0 0 0 0 0 0 0 0 0 0 0])
  ("標準単価" .
   [0 0 0 2])
  ("野田" .
   [0 1])
  ("補助金" .
   [0 0 3])
  ("当事業" .
   [0 0 1])
  ("林野庁" .
   [0 0 1])
  ("yas-minor-mode'" .
   [0 0 0 1 0 0 0 0 0 0 0 0 0 0 0])
  ("御面倒" .
   [0 0 4])
  ("組合員" .
   [0 0 1])
  ("聖司" .
   [0 1])
  ("_DVORAK" .
   [0 0 0 1 0 0 0])
  ("'skk-aot" .
   [0 0 0 0 1 0 0 0])
  ("?" .
   [2])
  ("?y" .
   [1 0])
  ("?s" .
   [2 0])
  ("?r" .
   [4 0])
  ("?o" .
   [2 0])
  ("?p" .
   [1 0])
  ("?t" .
   [1 0])
  ("?e" .
   [3 0])))
